1000 0.006223
1000 0.001194
1000 0.002229
1000 0.000149
1000 0.000274
1000 0.000001
1100 0.004293
1100 0.001315
1100 0.002303
1100 0.000139
1100 0.000253
1100 0.000001
1200 0.004435
1200 0.001506
1200 0.002762
1200 0.000161
1200 0.000288
1200 0.000001
1300 0.005225
1300 0.001776
1300 0.003202
1300 0.000169
1300 0.000303
1300 0.000001
1400 0.006033
1400 0.002055
1400 0.003704
1400 0.000182
1400 0.000329
1400 0.000000
1500 0.007005
1500 0.002375
1500 0.004239
1500 0.000197
1500 0.000361
1500 0.000001
1600 0.007928
1600 0.002683
1600 0.004840
1600 0.000217
1600 0.000385
1600 0.000001
1700 0.008962
1700 0.003092
1700 0.005442
1700 0.000225
1700 0.000414
1700 0.000000
1800 0.010021
1800 0.003446
1800 0.006085
1800 0.000251
1800 0.000436
1800 0.000000
1900 0.011202
1900 0.003849
1900 0.006818
1900 0.000258
1900 0.000461
1900 0.000001
2000 0.012380
2000 0.004251
2000 0.007510
2000 0.000290
2000 0.000495
2000 0.000001
2100 0.013716
2100 0.004691
2100 0.008287
2100 0.000294
2100 0.000511
2100 0.000000
2200 0.015099
2200 0.005163
2200 0.009092
2200 0.000314
2200 0.000533
2200 0.000000
2300 0.016575
2300 0.005667
2300 0.009921
2300 0.000324
2300 0.000562
2300 0.000000
2400 0.018120
2400 0.006177
2400 0.010734
2400 0.000340
2400 0.000593
2400 0.000001
2500 0.019794
2500 0.006660
2500 0.011648
2500 0.000356
2500 0.000619
2500 0.000000
2600 0.021447
2600 0.007228
2600 0.012610
2600 0.000381
2600 0.000644
2600 0.000001
2700 0.023234
2700 0.007789
2700 0.013562
2700 0.000380
2700 0.000671
2700 0.000001
2800 0.025026
2800 0.008412
2800 0.014572
2800 0.000407
2800 0.000706
2800 0.000000
2900 0.027041
2900 0.008970
2900 0.015624
2900 0.000414
2900 0.000728
2900 0.000000
3000 0.029031
3000 0.009562
3000 0.016727
3000 0.000464
3000 0.000773
3000 0.000001
3100 0.031097
3100 0.010268
3100 0.017843
3100 0.000460
3100 0.000769
3100 0.000000
3200 0.033329
3200 0.010809
3200 0.018991
3200 0.000471
3200 0.000805
3200 0.000001
3300 0.035555
3300 0.011538
3300 0.020196
3300 0.000499
3300 0.000825
3300 0.000001
3400 0.037901
3400 0.012270
3400 0.021428
3400 0.000534
3400 0.000866
3400 0.000001
3500 0.040378
3500 0.013043
3500 0.022733
3500 0.000516
3500 0.000894
3500 0.000001
3600 0.043006
3600 0.013959
3600 0.024024
3600 0.000529
3600 0.000930
3600 0.000001
3700 0.046005
3700 0.014648
3700 0.025530
3700 0.000565
3700 0.000967
3700 0.000001
3800 0.048419
3800 0.015504
3800 0.026758
3800 0.000569
3800 0.000995
3800 0.000001
3900 0.051220
3900 0.016307
3900 0.028206
3900 0.000599
3900 0.001007
3900 0.000001
4000 0.054141
4000 0.017194
4000 0.029645
4000 0.000608
4000 0.001028
4000 0.000000
4100 0.057097
4100 0.018110
4100 0.031142
4100 0.000634
4100 0.001035
4100 0.000001
4200 0.060313
4200 0.018915
4200 0.032671
4200 0.000635
4200 0.001066
4200 0.000000
4300 0.063479
4300 0.019824
4300 0.034241
4300 0.000644
4300 0.001104
4300 0.000000
4400 0.066738
4400 0.020760
4400 0.035852
4400 0.000660
4400 0.001122
4400 0.000000
4500 0.069583
4500 0.021577
4500 0.037413
4500 0.000691
4500 0.001165
4500 0.000001
4600 0.073000
4600 0.022499
4600 0.039077
4600 0.000701
4600 0.001192
4600 0.000001
4700 0.076527
4700 0.023568
4700 0.040777
4700 0.000740
4700 0.001222
4700 0.000000
4800 0.080157
4800 0.024496
4800 0.042543
4800 0.000732
4800 0.001274
4800 0.000000
4900 0.083703
4900 0.025587
4900 0.044295
4900 0.000800
4900 0.001286
4900 0.000000
5000 0.088088
5000 0.026746
5000 0.046412
5000 0.000792
5000 0.001302
5000 0.000000
5100 0.092192
5100 0.027735
5100 0.048012
5100 0.000801
5100 0.001319
5100 0.000001
5200 0.095904
5200 0.028670
5200 0.049862
5200 0.000808
5200 0.001367
5200 0.000001
5300 0.100140
5300 0.029856
5300 0.051800
5300 0.000804
5300 0.001384
5300 0.000001
5400 0.104081
5400 0.031028
5400 0.053800
5400 0.000833
5400 0.001410
5400 0.000001
5500 0.108185
5500 0.032271
5500 0.055770
5500 0.000878
5500 0.001439
5500 0.000000
5600 0.112888
5600 0.033329
5600 0.057826
5600 0.000884
5600 0.001473
5600 0.000001
5700 0.117599
5700 0.034426
5700 0.059908
5700 0.000897
5700 0.001506
5700 0.000001
5800 0.121914
5800 0.035602
5800 0.062110
5800 0.000918
5800 0.001556
5800 0.000001
5900 0.126349
5900 0.036862
5900 0.064141
5900 0.000911
5900 0.001570
5900 0.000001
6000 0.131402
6000 0.038139
6000 0.066335
6000 0.000937
6000 0.001590
6000 0.000000
6100 0.136667
6100 0.039508
6100 0.068534
6100 0.000950
6100 0.001602
6100 0.000000
6200 0.141655
6200 0.040880
6200 0.070825
6200 0.001016
6200 0.001622
6200 0.000001
6300 0.146790
6300 0.042301
6300 0.073196
6300 0.000972
6300 0.001655
6300 0.000000
6400 0.152176
6400 0.043627
6400 0.075423
6400 0.001031
6400 0.001679
6400 0.000001
6500 0.157482
6500 0.044381
6500 0.077847
6500 0.001049
6500 0.001722
6500 0.000001
6600 0.162639
6600 0.045747
6600 0.080241
6600 0.001100
6600 0.001750
6600 0.000000
6700 0.167980
6700 0.047143
6700 0.082679
6700 0.001060
6700 0.001789
6700 0.000001
6800 0.173376
6800 0.048605
6800 0.085224
6800 0.001102
6800 0.001839
6800 0.000000
6900 0.178211
6900 0.050615
6900 0.087617
6900 0.001104
6900 0.001867
6900 0.000000
7000 0.183887
7000 0.052144
7000 0.090201
7000 0.001125
7000 0.001879
7000 0.000001
7100 0.189919
7100 0.053489
7100 0.092757
7100 0.001137
7100 0.001907
7100 0.000001
7200 0.194784
7200 0.054842
7200 0.095368
7200 0.001147
7200 0.001922
7200 0.000001
7300 0.200498
7300 0.056501
7300 0.098002
7300 0.001178
7300 0.001967
7300 0.000001
7400 0.207540
7400 0.058050
7400 0.100688
7400 0.001215
7400 0.001995
7400 0.000000
7500 0.213713
7500 0.059700
7500 0.103430
7500 0.001207
7500 0.002025
7500 0.000000
7600 0.219866
7600 0.061225
7600 0.106184
7600 0.001218
7600 0.002059
7600 0.000001
7700 0.225404
7700 0.063389
7700 0.109002
7700 0.001231
7700 0.002093
7700 0.000001
7800 0.232226
7800 0.065027
7800 0.111832
7800 0.001268
7800 0.002130
7800 0.000001
7900 0.239635
7900 0.066695
7900 0.114749
7900 0.001287
7900 0.002192
7900 0.000000
8000 0.246254
8000 0.068237
8000 0.117622
8000 0.001275
8000 0.002178
8000 0.000001
8100 0.252899
8100 0.070167
8100 0.120595
8100 0.001313
8100 0.002188
8100 0.000000
8200 0.259894
8200 0.072475
8200 0.123679
8200 0.001356
8200 0.002189
8200 0.000000
8300 0.267131
8300 0.074428
8300 0.126741
8300 0.001346
8300 0.002226
8300 0.000000
8400 0.273462
8400 0.075445
8400 0.129631
8400 0.001361
8400 0.002256
8400 0.000000
8500 0.280410
8500 0.077313
8500 0.132708
8500 0.001364
8500 0.002284
8500 0.000001
8600 0.286490
8600 0.078229
8600 0.135888
8600 0.001378
8600 0.002326
8600 0.000001
8700 0.293585
8700 0.079808
8700 0.139011
8700 0.001420
8700 0.002351
8700 0.000001
8800 0.300913
8800 0.082261
8800 0.142253
8800 0.001434
8800 0.002389
8800 0.000000
8900 0.309064
8900 0.084116
8900 0.145464
8900 0.001475
8900 0.002462
8900 0.000000
9000 0.317064
9000 0.085390
9000 0.148806
9000 0.001470
9000 0.002469
9000 0.000001
9100 0.325959
9100 0.088250
9100 0.153161
9100 0.001603
9100 0.002477
9100 0.000001
9200 0.334124
9200 0.089993
9200 0.155546
9200 0.001471
9200 0.002504
9200 0.000001
9300 0.340868
9300 0.091978
9300 0.159398
9300 0.001537
9300 0.002545
9300 0.000000
9400 0.347910
9400 0.093661
9400 0.161921
9400 0.001621
9400 0.002600
9400 0.000000
9500 0.359915
9500 0.096699
9500 0.165610
9500 0.001597
9500 0.002621
9500 0.000000
9600 0.362487
9600 0.096540
9600 0.169464
9600 0.001578
9600 0.002656
9600 0.000000
9700 0.371546
9700 0.098292
9700 0.172759
9700 0.001635
9700 0.002687
9700 0.000001
9800 0.377992
9800 0.101829
9800 0.176559
9800 0.001617
9800 0.002719
9800 0.000001
9900 0.389240
9900 0.104475
9900 0.180296
9900 0.001648
9900 0.002785
9900 0.000001
10000 0.397555
10000 0.107167
10000 0.183526
10000 0.001704
10000 0.002758
10000 0.000001
